
Top Stories: '[23107564,23102430,23106748,23104875,23107123,23106914,23103582,23107953,23105060,23101541,23097453,23103580,23103290,23105463,23105528,23096747,23093240,23101483,23106155,23103479,23105383,23103943,23101066,23103534,23103386,23099152,23107553,23102781,23103051,23104636,23106130,23103251,23102639,23096338,23105811,23104991,23092904,23105326,23097089,23101607,23107581,23103659,23103770,23103563,23106700,23090393,23105097,23089999,23107309,23104099,23105488,23106423,23105985,23107201,23089782,23089729,23092630,23092657,23100818,23105218,23097459,23101232,23105756,23103333,23099632,23099584,23107110,23091384,23091359,23101292,23107063,23104749,23091932,23093091,23089913,23105720,23106778,23101766,23105763,23094477,23091137,23087197,23105026,23106565,23102819,23091918,23095701,23099705,23104634,23107220,23102704,23098090,23096330,23105572,23089599,23095405,23096166,23087781,23103521,23099181,23090858,23104254,23089973,23100002,23089343,23088314,23091005,23100951,23099499,23101935,23089243,23087308,23096249,23093815,23101580,23099347,23094317,23093911,23093143,23095190,23093737,23095695,23090601,23091712,23094869,23091060,23096644,23095078,23099874,23106902,23088219,23086385,23093990,23101915,23089197,23095193,23106644,23106631,23091655,23089437,23089282,23104846,23089703,23094861,23090150,23084375,23088852,23094489,23104695,23091136,23102442,23101342,23102324,23091501,23085028,23102772,23086227,23086213,23090004,23085188,23086130,23093472,23090143,23083692,23089544,23089817,23089071,23095745,23091314,23092966,23099201,23102375,23088982,23084935,23088988,23083730,23094024,23087739,23086069,23095273,23094986,23094876,23092269,23085212,23100803,23089274,23102357,23083766,23086290,23104763,23089820,23107366,23086211,23092160,23101930,23088893,23096945,23086504,23100713,23098765,23085294,23099760,23085230,23091766,23093087,23086010,23088195,23099415,23084392,23089205,23088962,23097925,23097682,23094342,23100405,23100343,23095844,23083969,23095692,23095085,23087206,23093032,23094206,23096678,23087559,23083619,23092266,23100876,23084496,23092119,23098241,23097851,23091307,23085218,23085548,23090959,23090390,23094057,23096315,23102597,23095036,23099515,23095814,23102421,23086020,23090906,23087709,23095934,23097995,23089048,23102020,23094740,23088287,23096817,23085082,23096689,23090452,23099383,23093100,23084595,23096551,23099255,23089929,23093027,23087460,23099650,23087339,23089340,23088244,23086244,23084472,23087751,23086209,23094360,23084355,23093337,23088261,23091886,23091828,23087331,23084899,23097501,23100943,23092278,23090188,23089445,23092382,23096051,23095821,23086484,23095499,23101357,23087507,23093460,23087096,23086488,23098468,23089502,23083548,23086936,23095154,23085112,23087590,23091447,23091327,23084642,23088814,23097679,23087402,23083611,23090625,23084587,23090940,23084031,23090258,23083785,23091121,23089635,23085635,23086452,23084737,23090643,23090178,23089724,23094546,23101883,23101077,23088800,23085292,23088152,23083774,23095910,23087038,23086214,23093532,23085656,23084981,23084082,23083825,23089265,23096053,23087375,23104702,23090655,23087436,23089287,23084272,23087167,23096722,23100529,23103610,23105727,23107000,23101104,23086254,23087071,23083643,23095600,23103390]'

Raw Story: '{"by":"thanksforfish","descendants":6,"id":23107564,"kids":[23108029,23107768,23107849,23108061,23107735],"score":71,"time":1588881772,"title":"Cross-signing and end-to-end encryption by default","type":"story","url":"https://matrix.org/blog/2020/05/06/cross-signing-and-end-to-end-encryption-by-default-is-here"}'
Score: 71
Title: Cross-signing and end-to-end encryption by default
URL: https://matrix.org/blog/2020/05/06/cross-signing-and-end-to-end-encryption-by-default-is-here

Raw Story: '{"by":"vikram7","descendants":526,"id":23102430,"kids":[23105031,23107401,23102636,23102689,23102722,23102626,23102715,23103123,23103428,23102614,23102650,23102830,23102665,23102736,23102962,23105103,23104440,23104880,23105955,23105323,23102666,23106964,23102739,23107160,23105837,23102675,23102771,23102563,23102575,23102755,23106809,23105702,23107320,23106957,23107003,23102993,23107468,23102511,23107745,23102613,23102664,23107447,23107074,23105387,23102592,23104807,23107056,23106953,23104119,23104727,23107173,23103133,23105178,23107093,23102697,23107439,23106923,23103337,23106893,23102562,23105047,23107033,23103003,23104402,23105774,23106858,23102527,23103288,23105629,23102596,23104454,23105067,23102585,23106978,23103198,23102814,23107080,23107415,23102955,23103329,23105582,23105960,23105520,23103701,23105324,23102926,23104990,23102556,23102555,23104022,23104013,23103039,23103231,23104559,23106378,23103389,23103562,23103341,23104818,23103953,23107354,23106984,23102881,23105501,23107147,23105671,23102782,23103412,23103316,23102661,23103170,23104140,23104319,23103651,23103820,23103583,23106992,23105263,23103578,23106655,23106595,23104560,23103683,23103519,23102667,23102569,23103247,23103016,23103059,23103257,23103383,23105655,23105426,23104883,23102617,23102517,23104202,23102579,23106974,23102695,23107917,23103456,23105173,23106413,23106396,23102622,23102541,23102780,23102572,23105833],"score":1313,"time":1588856320,"title":"Zoom Acquires Keybase","type":"story","url":"https://keybase.io/blog/keybase-joins-zoom"}'
Score: 1313
Title: Zoom Acquires Keybase
URL: https://keybase.io/blog/keybase-joins-zoom

Raw Story: '{"by":"edward","descendants":7,"id":23106748,"kids":[23108074,23107844,23107328,23107380],"score":42,"time":1588877693,"title":"Gig workers are organising, in tech-savvy ways","type":"story","url":"https://www.economist.com/finance-and-economics/2020/05/09/could-the-pandemic-give-americas-labour-movement-a-boost"}'
Score: 42
Title: Gig workers are organising, in tech-savvy ways
URL: https://www.economist.com/finance-and-economics/2020/05/09/could-the-pandemic-give-americas-labour-movement-a-boost

Raw Story: '{"by":"leoh","descendants":128,"id":23104875,"kids":[23106796,23106772,23106932,23105963,23107809,23106380,23105953,23108038,23106122,23106988,23105879,23106218,23107442,23107618,23105933,23107491,23106235,23105856,23107230,23105780,23106482,23107619,23106112,23106442,23105946,23106569,23106643],"score":161,"time":1588869184,"title":"The Cost of Free Doughnuts: 70 Years of Regret","type":"story","url":"https://www.npr.org/sections/money/2012/07/13/156737801/the-cost-of-free-doughnuts-70-years-of-regret"}'
Score: 161
Title: The Cost of Free Doughnuts: 70 Years of Regret
URL: https://www.npr.org/sections/money/2012/07/13/156737801/the-cost-of-free-doughnuts-70-years-of-regret

Raw Story: '{"by":"todsacerdoti","descendants":102,"id":23107123,"kids":[23108063,23107626,23108075,23108014,23107827,23108086,23108069,23107423,23107342,23107517,23107653,23107944,23107886,23107608,23107911,23107697,23107770,23107774,23107841,23107719,23107534,23107875,23107512,23107484,23107539,23107489,23107876],"score":101,"time":1588879523,"title":"Making Emacs Popular Again","type":"story","url":"https://lwn.net/SubscriberLink/819452/1480c3a59d3d9093/"}'
Score: 101
Title: Making Emacs Popular Again
URL: https://lwn.net/SubscriberLink/819452/1480c3a59d3d9093/

Raw Story: '{"by":"felixrieseberg","descendants":12,"id":23106914,"kids":[23108032,23108030,23107974,23107092],"score":26,"time":1588878439,"title":"Happiness is a freshly organized codebase","type":"story","url":"https://slack.engineering/happiness-is-a-freshly-organized-codebase-7ffa6590a70d"}'
Score: 26
Title: Happiness is a freshly organized codebase
URL: https://slack.engineering/happiness-is-a-freshly-organized-codebase-7ffa6590a70d

Raw Story: '{"by":"signa11","descendants":48,"id":23103582,"kids":[23107560,23106204,23107833,23106129,23107563,23106607,23107024,23107326,23107914,23106048,23106638,23106005,23106434,23105797,23105864,23106774,23106656,23106537],"score":111,"time":1588862852,"title":"Driving engineers to an arbitrary date is a value destroying mistake","type":"story","url":"https://iism.org/article/driving-engineers-to-an-arbitrary-date-is-a-value-destroying-mistake-49"}'
Score: 111
Title: Driving engineers to an arbitrary date is a value destroying mistake
URL: https://iism.org/article/driving-engineers-to-an-arbitrary-date-is-a-value-destroying-mistake-49

Raw Story: '{"by":"ryanb","id":23107953,"score":1,"time":1588883562,"title":"RankScience (YC W17) Is Hiring SEO/SEM Sales Account Executives (Remote)","type":"job","url":"https://weworkremotely.com/remote-jobs/rankscience-seo-seo-sem-sales-account-executive"}'
Score: 1
Title: RankScience (YC W17) Is Hiring SEO/SEM Sales Account Executives (Remote)
URL: https://weworkremotely.com/remote-jobs/rankscience-seo-seo-sem-sales-account-executive

Raw Story: '{"by":"colinprince","descendants":242,"id":23105060,"kids":[23106142,23105824,23105589,23104034,23105229,23104995,23107894,23104463,23107996,23107103,23107576,23105237,23104910,23105256,23104057,23106616,23104470,23105020,23105535,23106353,23105765,23103894,23106710,23107239,23105210,23103950,23105598,23104184,23107135,23103807,23105819,23103739,23105710,23105906,23105486],"score":198,"time":1588869987,"title":"Google ends plans for smart city in Toronto","type":"story","url":"https://www.bbc.com/news/technology-52572362"}'
Score: 198
Title: Google ends plans for smart city in Toronto
URL: https://www.bbc.com/news/technology-52572362

Raw Story: '{"by":"selvan","descendants":114,"id":23101541,"kids":[23105056,23101732,23101800,23101633,23107297,23102506,23102180,23102117,23101841,23102302,23103401,23104124,23101874,23103129],"score":307,"time":1588848002,"title":"GeckoView for Android","type":"story","url":"https://mozilla.github.io/geckoview/"}'
Score: 307
Title: GeckoView for Android
URL: https://mozilla.github.io/geckoview/
